2560
2564
2550
2532
2550
2567
2545
2551
2597
2547
2537
2631
2708
2788
2786
2801
2833
2859
2869
2873
2896
2859
2838
2777
2769
2780
2806
2663
2641
2629
2717
2707
2750
2738
2759
2741
2768
2749
2742
2734
2731
2649
2710
2720
2619
2570
2556
2532
2648
2643
2560
2564
2550
2532
2550
2801
2833
2859
2869
2873
2896
2859
2838
2777
2769
2780
2806
2663
2641
0521
20550
19910
20091
20225
19905
19787
19970
19332
18904
19125
19969
19775
19547
19576
19500
19487
19310
19600
19979
20119
20343
21115
21265
20875
21311
21350
21479
21438
21168
21040
213
123
272
212
524
145
123
211
423
843
896
728
632
012
747
